11 5 7 7 7 7 7 7 7 7 7 11 7 3 5 7 7 7 7 11 11 7 7 7 7 5 7 7 5 5 7 11 5 7 7 7 7 7 G 11 5 11 5 7 5 5 7 7 7 7 11 11 7 7 7 7 5 7 7 5 7 7 7 7 5 5 7 7 5 11 7 7 5 7 7 5 7 11 7 11 7 11 5 7 7 7 7 7 7 7 7 7 11 5 7 7
5 5 7 7 4 7 7 11 7 7 5 5 11 5 7 5 7 11 7 11 7 7 7 5 5 11 7 7 11 5 5 11 11 7 5 7 5 7 11 5 7 11 7 11 7 7 11 11 7 5 7 7 7 11 11 11 11 7 7 5 7 7 7 7 5 11 7 7 7 7 7 7 7 7 7 7 7 7 11 7 7 7 7 5 7 11 7 G 7 7 7 5 5 7 7 7
11 7 11 7 11 7 7 5 5 5 7 7 11 11 7 7 7 11 7 5 7 7 5 7 11 5 7 7 7 11 7 11 7 7 7 7 5 11 7 11 11 11 11 11 7 11 7 11 7 11 7 11 11 11 7 7 11 7 7 7 11 7 7 11 7 7 7 7 7 7 7 7 5 5 5 7 7 11 7 7 11 5 7 7 7 7 7 7 7 7 7 3 5 7 4 7
11 7 7 5 11 7 7 7 11 4 5 7 5 11 7 7 7 11 7 7 7 7 11 11 11 7 7 11 7 5 7 7 7 7 5 11 7 11 7 7 5 5 5 5 7 7 7 7 7 11 5 11 7 7 7 7 11 7 11 7 7 7 5 7 7 5 11 11 7 5 7 7 7 5 5 3 7 7 5 5 11 5 11 7 7 5 5 11 7 11 7 5 7 7 7 7
5 11 7 7 7 5 7 7 11 5 5 4 7 7 5 11 7 11 7 11 7 11 7 7 11 7 F 5 7 G 11 5 5 11 7 5 7 7 7 7 3 7 7 7 7 7 5 7 7 11 7 5 7 7 5 5 7 7 7 7 11 7 11 11 11 7 11 7 7 5 11 7 11 11 7 7 11 7 5 4 7 7 7 7 7 11 7 7 5 7 5 7 7 11 7 7
7 7 7 5 5 7 11 11 11 5 11 11 7 7 5 7 7 5 7 7 11 5 5 5 7 5 7 5 11 7 11 7 7 7 7 7 5 7 7 5 7 5 11 11 7 7 3 7 7 5 5 11 7 5 7 11 7 7 7 7 5 5 7 11 7 7 7 5 7 7 7 7 11 5 7 5 7 5 7 7 5 7 11 7 11 7 7 11 7 7 11 7 7 11 7 7
11 5 7 11 5 5 11 11 7 7 7 7 11 7 7 11 7 11 5 7 7 7 7 7 7 7 7 7 7 7 7 7 5 7 7 5 7 7 5 11 7 7 7 11 7 5 11 7 7 7 11 5 7 7 11 5 7 7 7 7 7 7 11 7 7 7 11 5 7 7 11 5 7 5 7 5 7 3 7 5 7 7 5 5 7 11 11 7 11 5 5 7 11 G 7 7
7 7 7 11 7 7 7 7 11 7 7 11 11 7 5 7 7 7 11 5 7 7 11 G 5 5 7 5 7 7 7 7 7 3 7 7 7 7 5 7 5 5 5 11 7 7 7 7 7 7 7 7 7 7 7 7 5 11 7 3 5 11 11 5 7 5 5 7 11 7 5 7 7 7 11 11 7 5 3 7 5 11 7 5 7 7 7 7 5 5 7 11 5 5 11 7
7 7 7 7 7 3 5 11 5 7 5 7 7 7 7 7 7 5 7 5 11 5 7 7 7 5 7 11 7 7 7 7 7 7 11 7 3 5 7 7 11 7 7 7 4 7 7 7 7 7 11 7 7 11 7 7 7 F 7 5 7 5 5 7 F 7 7 7 7 7 7 7 7 7 5 11 7 7 5 G 7 11 7 7 5 5 11 11 7 11 7 7 7 7 11 5
7 7 7 7 7 7 7 4 11 5 5 7 7 11 7 7 7 11 7 5 7 5 5 7 7 5 11 7 7 11 4 7 11 7 7 11 5 7 7 11 5 5 7 7 7 11 5 7 5 5 7 5 7 7 7 11 7 4 7 11 7 5 7 7 5 7 7 7 11 7 7 5 7 G 5 5 7 7 5 7 7 7 7 7 11 11 11 7 5 7 5 G 11 7 7 7
7 5 4 7 7 7 7 7 7 11 7 7 5 7 7 7 7 5 7 7 7 7 11 G 7 7 7 7 7 7 11 7 7 7 7 7 11 7 7 7 11 11 7 7 11 7 3 7 7 7 7 11 7 7 5 7 11 7 5 7 11 7 7 7 5 7 7 11 7 7 7 7 4 11 11 11 11 G 5 5 5 7 7 5 7 7 5 11 7 7 7 7 7 7 4 7
11 7 11 11 7 7 7 11 5 11 7 7 7 7 7 11 11 7 7 7 7 5 5 7 5 7 7 11 7 7 7 5 7 7 7 7 7 7 7 7 7 11 7 5 7 7 7 11 11 7 5 F 11 7 7 11 7 7 11 7 5 7 7 7 7 5 7 11 11 11 7 7 11 5 7 7 7 7 5 7 7 7 7 7 7 7 7 7 7 7 7 7 7 7 11 5
5 7 7 7 7 5 11 3 7 7 7 11 7 7 7 5 7 7 7 11 11 7 7 7 7 7 5 5 11 7 7 7 7 11 7 7 7 7 7 5 7 7 5 7 5 5 7 G 11 7 7 3 7 7 5 11 7 7 7 5 11 5 7 7 11 7 5 7 7 7 7 7 7 7 11 7 7 11 11 G 7 5 5 7 7 7 11 3 7 7 5 7 5 7 7 7
5 5 7 7 5 11 11 5 7 7 11 5 5 7 7 3 7 7 5 11 7 7 7 7 5 7 7 5 7 7 7 7 7 11 7 7 11 7 11 7 7 11 4 11 7 7 7 5 11 11 5 11 11 7 7 5 5 7 5 7 7 4 7 7 5 7 7 7 7 5 5 7 7 5 5 7 7 5 11 5 11 7 7 7 11 7 11 11 11 11 7 5 7 5 7 7
7 7 7 5 5 5 7 7 7 7 7 5 11 5 11 11 5 7 7 7 7 7 7 7 11 7 7 7 7 11 5 7 7 7 7 7 7 7 5 7 11 11 G 7 7 7 11 7 7 11 5 7 5 7 11 11 5 7 5 7 11 7 11 3 11 7 7 7 7 11 F 5 7 7 7 7 7 5 11 7 11 5 11 7 7 7 4 5 7 7 7 5 7 11 7 11
7 5 11 7 5 11 11 7 11 G 7 5 7 7 11 7 7 7 7 7 7 5 7 5 7 7 5 7 7 11 5 7 11 5 5 7 7 7 7 7 11 7 7 11 11 7 7 7 11 7 11 5 5 5 7 11 7 7 5 11 7 7 7 G 5 7 7 5 7 7 F 11 7 5 7 5 5 7 11 7 5 7 11 5 5 7 7 7 5 7 7 7 5 5 5 11
11 7 5 11 11 5 7 7 5 7 7 7 7 7 7 5 5 5 11 7 5 7 5 5 7 5 7 7 11 7 7 7 7 7 11 7 11 7 7 7 11 5 7 7 4 11 5 11 5 7 11 7 5 5 7 7 7 5 7 5 11 7 7 7 5 7 7 7 7 7 11 5 7 7 7 7 11 7 7 7 7 11 5 7 11 7 7 5 5 7 7 7 7 7 5 7
7 5 5 11 5 11 7 7 7 7 5 7 7 7 7 5 5 7 7 5 7 7 7 4 7 7 11 7 11 7 5 7 7 7 7 7 7 F 7 7 7 F 7 11 7 7 11 5 7 7 7 7 5 11 7 7 5 7 11 7 7 7 7 7 5 11 7 7 7 5 11 11 11 11 11 11 11 7 5 5 7 5 5 7 7 5 11 3 11 11 7 5 5 11 7 7
7 7 11 7 7 5 11 7 G 7 11 5 11 7 5 7 11 11 7 11 11 7 5 11 5 5 7 7 G 7 5 7 7 5 11 F 7 11 7 11 11 7 11 11 11 7 7 7 7 11 11 11 7 5 7 7 5 11 7 5 7 7 7 7 7 F 11 7 7 7 7 11 7 7 7 7 11 7 7 11 7 7 5 4 11 5 5 7 7 5 7 7 5 5 F 5
7 7 7 7 11 11 7 7 11 7 7 7 5 7 7 7 7 7 7 11 G 7 7 5 5 7 11 7 11 7 5 11 5 7 11 7 5 5 7 7 7 7 5 7 5 7 7 7 7 7 7 7 7 5 7 11 5 7 5 7 7 7 7 11 11 5 7 7 5 7 7 5 7 7 7 11 7 5 7 5 7 7 7 7 7 7 7 7 11 11 5 7 11 7 7 7
7 7 7 7 7 7 7 11 7 5 5 5 5 7 7 5 5 5 7 3 5 5 5 5 7 5 5 5 7 3 5 5 5 7 11 5 5 5 5 11 5 5 5 11 7 5 5 5 7 G 5 5 5 7 7 5 5 5 11 7 5 5 5 7 7 5 5 5 7 7 5 5 5 7 7 5 5 5 5 7 5 5 5 11 11 5 7 7 7 5 7 7 7 7 7 5
7 7 7 11 5 5 7 7 7 11 5 5 5 7 7 5 5 5 5 5 5 5 5 5 11 5 5 5 7 7 5 5 5 F 7 5 5 5 7 3 5 5 5 7 G 5 5 5 11 5 5 5 5 7 5 5 5 5 7 7 5 5 5 7 7 5 5 5 11 5 5 5 5 7 7 5 5 5 5 7 5 5 5 7 G 5 7 5 11 11 7 5 7 7 7 7
7 7 7 7 7 7 11 5 11 7 7 7 5 3 7 11 5 7 7 11 5 7 7 5 5 11 7 5 7 5 7 7 5 7 7 F 7 7 7 7 7 7 7 F 7 11 5 7 11 5 7 7 11 11 11 5 7 11 7 5 5 11 7 7 7 7 7 7 7 11 11 11 7 5 11 11 11 7 7 11 7 7 5 7 7 7 5 7 7 7 7 11 7 11 7 11
5 4 5 7 11 7 7 5 11 5 5 7 7 3 7 7 5 5 7 5 5 7 7 7 11 7 11 7 7 7 7 7 7 11 7 5 5 7 7 7 7 7 11 7 7 7 11 5 5 5 7 5 7 7 11 11 7 7 7 11 7 7 11 7 7 11 5 11 7 7 7 11 7 5 11 7 7 7 5 5 7 5 7 7 7 5 7 7 7 7 3 7 5 5 7 7
7 11 11 7 11 11 5 7 11 7 11 5 7 11 11 11 7 5 7 7 7 5 7 7 7 7 7 7 5 7 5 7 F 3 7 5 11 11 5 11 7 7 7 7 7 11 7 7 7 7 7 7 7 5 7 7 11 7 7 7 11 7 7 7 7 7 7 7 11 7 5 7 7 7 7 7 11 7 7 7 7 3 7 11 11 7 11 11 3 5 7 7 7 7 11 11
7 11 7 11 7 7 7 11 7 7 7 11 7 7 7 5 7 7 11 11 5 7 7 7 7 7 7 11 5 G 7 F 7 5 5 7 7 7 11 7 7 7 7 7 7 5 7 11 5 7 F 7 7 5 7 11 11 11 7 7 7 7 11 7 11 11 11 7 11 7 11 7 5 11 7 7 7 7 5 7 7 5 7 11 7 7 7 5 7 7 11 7 7 3 5 11
7 7 5 7 5 7 7 7 G 7 7 7 7 5 7 11 7 11 7 7 7 7 7 7 F 5 7 7 7 5 5 7 7 7 11 11 7 7 7 7 5 7 7 7 5 5 7 11 11 5 7 7 7 7 5 5 11 11 7 7 11 7 7 7 7 7 7 7 7 7 5 5 F 7 7 7 7 7 7 7 11 7 7 7 7 7 7 5 7 7 7 7 7 5 7 7
7 7 7 5 7 5 7 7 5 5 7 11 7 7 7 F 7 7 7 7 F 3 7 5 7 7 7 7 7 11 11 11 5 7 7 5 7 7 7 5 7 7 7 4 7 7 7 7 11 7 7 7 11 5 5 11 5 7 11 7 11 5 7 7 5 5 11 7 G 7 5 11 7 7 7 11 7 11 7 7 11 7 7 7 7 7 7 5 5 11 7 5 5 11 11 7
5 11 7 11 7 7 5 7 7 5 7 7 5 5 5 7 7 11 11 5 5 11 7 7 11 5 7 5 11 11 4 7 7 7 7 7 5 7 7 7 7 5 7 7 5 7 7 11 11 7 5 7 7 7 7 7 7 7 7 7 7 7 11 5 7 7 7 7 7 F 11 11 7 5 7 7 7 5 7 7 7 7 7 7 7 7 5 7 11 7 11 7 7 7 11 7
7 7 7 11 7 11 11 11 7 3 7 7 11 5 11 7 7 11 5 11 7 7 7 11 11 7 11 7 7 7 7 7 7 7 7 7 11 7 7 7 7 7 7 7 7 5 7 11 7 11 7 11 7 7 5 7 11 7 7 5 11 5 7 11 4 11 7 7 5 7 7 7 7 7 7 7 5 3 5 7 7 7 11 7 7 11 5 7 5 7 5 11 3 7 7 3
5 5 7 7 11 7 7 7 7 7 5 7 11 5 5 5 7 7 5 5 7 7 7 5 5 7 7 7 5 5 7 7 5 5 5 5 7 7 5 5 7 7 7 5 5 7 7 7 5 5 5 5 5 5 5 7 7 11 5 5 7 7 11 5 5 7 7 7 5 5 5 5 5 5 5 7 7 7 5 5 11 7 7 5 5 7 5 11 7 7 5 5 7 7 11 11
7 11 11 7 F 7 7 7 7 7 7 7 7 5 5 7 7 7 5 5 7 7 7 5 5 11 7 7 5 5 7 5 7 5 5 7 5 5 5 5 11 11 5 5 5 5 7 7 5 5 5 7 11 5 5 5 7 5 5 5 7 7 11 5 5 7 11 11 5 5 7 7 7 5 5 5 5 5 5 5 7 7 11 5 5 7 7 7 7 5 11 7 7 7 7 11
7 7 7 7 11 5 7 7 7 5 7 7 7 5 7 7 7 5 11 7 7 11 7 5 5 7 5 7 7 7 7 7 7 7 7 5 7 5 5 11 5 7 7 7 5 7 11 7 7 7 7 7 7 5 7 11 7 5 11 7 7 7 5 11 7 7 5 7 7 7 7 11 5 11 7 5 7 7 7 5 7 5 7 11 5 7 4 11 5 7 5 7 7 7 7 11
7 7 7 5 7 11 11 5 7 11 7 11 7 7 7 7 7 7 11 7 7 7 7 5 7 7 5 5 11 7 11 F 7 7 11 11 5 11 7 7 7 5 7 5 7 7 11 7 11 7 5 7 5 4 7 7 5 7 11 7 11 11 7 7 7 7 7 7 7 5 7 11 7 7 7 5 7 7 11 5 7 11 7 11 5 7 11 7 7 7 7 7 7 F 5 11
7 7 7 7 5 5 7 7 7 11 5 7 5 7 11 11 7 7 11 11 5 7 7 7 7 11 7 7 11 5 7 7 7 5 7 11 11 7 5 7 3 3 3 3 3 3 3 3 3 3 3 3 3 3 3 3 7 G 7 7 11 11 7 7 7 7 7 7 11 11 11 7 11 G 7 5 5 7 7 7 7 7 7 7 5 5 7 7 7 7 7 11 7 7 7 7
7 5 11 7 7 7 7 7 7 5 7 11 7 11 7 7 7 7 7 5 7 5 5 7 7 7 11 7 7 5 5 5 7 7 7 7 5 5 4 11 3 17 17 17 17 17 17 17 17 17 17 17 17 17 17 3 11 11 7 5 7 7 7 5 7 7 7 7 7 7 7 11 7 7 5 11 7 7 7 7 5 7 7 7 7 5 7 7 5 7 11 7 7 7 5 11
4 5 7 7 7 7 7 7 7 7 7 5 5 5 7 5 5 5 7 7 7 7 7 F 7 7 5 11 7 7 5 11 7 7 7 7 11 5 7 7 3 17 17 17 17 17 17 17 17 17 17 17 17 17 17 3 11 7 7 7 5 7 7 3 11 11 7 7 11 7 5 7 11 7 11 11 7 7 7 5 7 7 11 11 7 5 7 7 11 5 7 7 7 7 7 7
7 5 11 7 5 7 7 7 5 7 11 4 5 11 5 11 7 7 7 7 7 7 7 7 7 11 7 7 5 5 7 7 7 7 11 7 7 7 7 7 3 17 17 17 17 17 17 17 17 17 17 17 17 17 17 3 7 5 11 7 7 7 7 7 7 11 11 5 7 G 7 7 7 7 7 7 5 7 7 11 7 7 7 7 7 5 7 7 5 7 11 3 7 5 7 7
11 7 7 11 7 7 7 7 11 7 7 11 7 11 5 4 7 11 7 11 11 11 7 7 7 5 5 7 11 7 5 7 7 7 11 7 11 7 7 11 3 17 17 17 17 17 17 17 17 17 17 17 17 17 17 3 7 7 7 7 5 5 5 7 5 7 11 7 5 7 3 7 7 7 7 7 7 11 7 11 7 7 5 7 7 5 7 7 11 5 7 7 7 F 7 7
5 11 3 7 7 G 7 5 11 11 7 7 5 5 5 7 11 7 7 5 7 5 7 7 F 7 7 11 5 5 7 7 7 7 5 7 11 11 7 7 3 3 3 3 3 3 3 3 3 3 3 3 3 3 3 3 7 7 7 11 7 7 7 7 7 7 7 11 11 7 7 7 7 7 7 7 7 11 5 7 5 5 7 7 7 7 7 7 5 7 7 7 7 7 7 7
7 11 7 7 5 7 5 7 11 5 5 7 7 7 5 7 7 11 11 11 11 7 7 7 7 7 5 11 5 7 11 7 11 7 7 7 11 7 5 7 7 7 7 11 7 5 7 5 7 7 7 7 7 7 5 7 7 7 11 7 7 7 7 7 7 5 7 7 11 7 7 11 7 7 7 5 7 7 11 7 11 7 5 5 5 11 11 7 7 5 11 7 7 7 7 11
11 5 7 11 5 7 11 7 7 7 11 7 7 7 7 5 11 5 11 F 3 11 5 3 7 7 7 7 11 5 7 7 7 7 11 7 5 7 7 5 7 11 7 7 7 7 7 7 7 7 5 7 11 5 5 7 5 7 7 7 7 7 11 7 7 11 7 7 11 7 11 5 7 11 5 G 5 5 7 7 7 7 7 5 7 7 5 5 7 5 7 7 7 7 7 7
5 7 5 5 7 11 7 7 7 11 7 11 11 7 7 7 7 11 7 11 5 11 11 F 7 5 5 7 7 5 7 7 11 11 7 5 7 7 5 7 7 5 5 11 7 7 7 5 7 7 7 11 7 7 7 7 5 7 7 F 7 7 7 5 7 7 7 5 7 5 7 7 7 5 7 7 7 11 5 5 7 7 7 7 7 7 7 7 5 11 11 5 7 5 11 7
11 7 11 7 11 7 5 7 11 5 7 5 11 11 7 7 5 7 5 5 7 7 5 7 7 5 11 5 7 7 7 7 7 7 7 5 7 7 7 7 7 5 7 7 4 7 7 11 11 7 7 11 5 7 7 7 5 5 7 3 G 7 7 11 7 7 7 7 5 7 5 7 7 G 11 7 7 7 7 7 11 5 7 7 7 7 7 5 7 11 5 11 11 7 7 7
5 7 5 7 7 7 7 7 11 7 11 7 7 11 11 11 5 7 7 11 7 11 5 7 11 5 7 11 7 7 7 7 5 7 11 7 7 7 7 7 7 7 7 7 5 5 7 7 7 7 5 5 7 7 7 7 7 5 7 7 7 7 7 7 7 7 7 7 5 7 7 11 7 7 7 7 7 5 7 5 7 7 7 7 7 7 7 7 7 7 7 7 5 11 7 11
7 7 7 7 7 5 7 7 7 5 5 7 7 7 11 F 11 7 7 3 11 7 5 7 7 11 7 7 7 11 7 5 7 7 11 5 7 11 11 7 5 7 7 7 7 7 11 7 7 11 7 5 11 7 4 7 5 11 5 7 5 5 7 7 7 11 F 3 7 7 5 5 7 7 7 5 7 7 11 7 11 G 5 5 11 7 4 7 7 11 11 7 5 5 7 7
7 7 11 7 7 7 11 5 7 7 7 5 7 7 7 7 7 11 11 7 11 7 7 11 5 11 11 5 7 5 7 7 7 11 11 7 7 7 7 7 11 7 5 11 7 7 7 7 7 7 7 11 7 7 5 11 5 5 7 11 11 5 7 7 7 7 5 7 11 7 7 4 5 7 7 7 7 7 11 11 11 7 7 7 7 7 7 7 7 11 7 7 7 11 5 11
11 7 5 5 7 11 11 11 11 5 5 7 7 5 7 7 7 11 7 7 G 11 11 7 5 5 7 5 5 11 11 7 7 11 7 7 7 7 7 5 5 7 11 11 5 5 11 7 7 5 G 11 4 7 7 G 7 5 7 5 7 7 7 7 7 7 7 11 7 5 7 7 F 11 7 7 11 5 5 7 7 7 7 11 5 7 5 7 7 7 11 7 5 7 11 7
11 7 11 11 11 7 7 7 5 5 5 7 5 7 5 7 7 11 7 7 11 5 7 7 G 7 7 7 5 5 7 7 7 5 11 5 11 5 7 7 5 7 7 7 7 7 7 7 5 5 7 7 5 7 7 7 11 11 7 11 7 11 7 7 5 7 11 11 11 7 11 7 7 7 7 7 5 11 7 5 5 7 7 7 5 11 5 7 7 7 11 7 F 5 11 7
7 7 7 7 11 7 11 5 7 3 7 11 G 11 7 7 11 5 7 7 7 7 5 7 7 5 5 11 7 5 5 5 5 11 7 7 7 11 7 7 7 7 5 11 7 7 11 7 5 5 7 7 7 11 7 G 5 7 7 7 G 5 5 5 7 7 7 5 7 11 5 7 7 G 7 7 7 5 7 5 7 5 3 7 7 7 11 11 5 11 7 7 7 7 5 5
F 7 11 11 5 G 7 7 7 7 7 7 7 3 7 11 7 7 5 11 7 7 5 7 11 F 5 5 11 11 5 7 7 7 7 7 7 3 7 5 11 5 7 7 5 7 7 7 7 5 7 7 11 7 7 7 11 7 11 7 11 7 11 7 5 7 7 7 7 5 14 7 14 7 14 7 7 7 7 11 7 11 G 7 11 5 5 11 11 7 7 7 5 7 11 11
5 7 7 11 5 7 7 5 7 7 11 7 7 11 7 11 7 5 5 7 5 7 11 5 7 7 11 7 5 7 7 7 7 7 3 11 11 4 7 F 11 7 5 5 11 5 7 7 7 7 7 F 5 7 7 7 7 4 7 7 7 7 7 11 7 11 5 7 7 7 7 14 7 14 7 14 7 7 7 7 7 7 7 11 7 7 11 7 11 7 5 7 5 11 7 7
7 7 7 F 7 7 5 7 7 7 7 5 7 7 7 7 11 7 7 7 7 7 4 5 7 5 7 7 7 7 5 7 5 11 5 11 5 7 7 7 7 7 7 11 G 7 7 7 7 5 7 7 11 5 11 7 7 5 11 7 7 7 5 5 11 7 7 5 11 11 14 5 14 7 14 7 7 7 11 7 7 11 5 7 11 7 5 7 7 7 11 7 7 4 7 5
7 7 7 7 5 7 11 11 7 11 7 7 5 5 7 7 7 7 4 7 5 7 7 7 11 7 5 4 11 7 7 7 5 7 11 5 5 7 7 5 7 11 5 5 7 7 7 7 11 7 11 7 7 5 7 7 5 7 7 7 11 11 7 7 7 11 7 11 5 5 7 14 11 14 5 14 7 7 7 7 5 7 7 5 7 5 5 7 11 7 11 11 7 7 11 7
7 7 7 7 5 5 7 5 5 7 11 7 7 7 7 7 7 11 5 4 7 7 7 7 5 7 7 5 7 5 7 7 5 7 3 7 7 7 7 5 11 11 5 5 7 11 11 11 5 7 4 7 5 7 7 11 7 7 5 7 11 11 7 11 7 7 7 11 7 7 14 7 14 5 14 7 5 7 7 7 7 5 5 7 11 7 7 F 11 5 11 7 11 7 5 5
5 5 F 7 7 5 G 11 7 7 7 7 7 7 7 5 7 7 7 7 5 7 7 11 5 5 7 5 7 7 G 7 5 7 5 11 7 11 7 5 7 7 11 7 5 7 7 7 7 11 7 7 5 7 7 7 7 7 11 5 5 7 7 5 7 7 7 7 7 11 5 14 7 14 7 14 5 5 11 7 5 5 5 G 5 7 7 7 7 7 5 5 7 11 11 7
7 7 5 11 5 5 7 7 7 5 11 5 7 7 7 7 5 7 5 3 7 7 7 7 7 7 5 7 5 4 7 11 7 5 5 7 7 7 5 11 7 F 7 5 7 7 7 7 5 11 7 7 11 5 7 7 7 5 11 7 5 7 7 4 7 5 5 11 7 5 5 7 7 7 7 5 G 11 7 7 3 11 7 7 7 7 7 7 7 5 5 7 7 7 11 7
11 7 F 11 5 7 7 7 7 F 7 11 7 4 11 11 7 11 7 7 7 11 7 11 7 7 7 5 7 11 5 7 11 7 7 5 11 G 11 7 5 5 7 7 5 5 F 7 7 5 11 7 5 5 5 7 7 7 7 5 7 5 7 5 5 11 7 11 7 7 5 7 7 7 5 7 7 7 5 5 5 7 5 5 5 11 7 7 7 F 11 11 5 11 5 5
7 7 7 7 5 5 7 7 7 11 7 5 7 11 7 F 7 5 11 7 G 7 5 F 11 5 7 7 7 7 7 11 7 11 11 7 7 7 7 5 5 7 7 7 7 11 11 11 5 7 5 7 5 7 7 7 11 7 7 7 7 5 7 7 5 7 5 5 7 7 11 5 7 7 7 7 5 5 11 5 7 7 7 7 7 11 7 5 5 11 5 7 5 7 G 7
5 7 7 5 7 7 7 7 11 7 7 7 7 7 7 7 11 11 11 7 7 5 7 7 F 5 5 7 11 7 F 7 7 7 7 7 5 7 7 7 11 7 7 7 7 5 7 11 7 7 7 7 5 5 5 3 5 11 7 5 7 7 5 7 11 3 5 11 7 11 7 7 7 5 7 11 7 7 7 5 7 7 11 5 7 11 11 5 7 7 11 7 7 11 F F
5 5 7 5 7 7 11 5 7 7 7 5 7 7 11 F 11 11 7 7 7 7 7 11 11 7 11 7 7 7 5 7 7 5 7 5 7 7 7 5 7 11 5 5 7 11 7 5 7 7 7 7 7 7 7 7 7 7 7 5 3 7 11 7 5 5 7 7 7 7 11 5 5 7 7 5 11 7 7 5 11 7 11 11 11 7 11 7 7 7 7 7 7 7 7 7
5 7 7 4 7 11 7 7 7 7 5 7 5 7 5 7 11 7 7 11 7 5 7 7 G 11 11 7 7 7 11 7 7 7 7 7 11 7 7 7 7 11 11 7 5 7 5 7 7 11 11 7 5 7 G 7 7 7 5 5 7 7 7 5 7 7 11 7 F 5 7 7 5 7 7 7 7 7 7 11 11 7 7 7 7 7 5 7 5 7 7 7 G 7 7 7
7 7 7 G 7 11 5 11 7 5 7 5 11 11 5 5 7 11 11 7 11 11 11 7 7 7 5 7 7 5 7 7 7 7 7 7 5 7 5 7 7 7 7 7 7 11 7 7 7 5 7 5 5 7 7 7 11 5 7 7 7 7 7 11 7 11 7 5 5 7 7 5 7 5 5 11 7 7 11 7 11 7 5 11 5 5 5 7 11 5 7 7 7 7 5 7
7 5 7 11 7 11 7 5 7 7 7 4 7 11 5 7 7 5 11 7 5 5 7 7 11 7 7 5 7 5 11 7 11 5 7 7 7 7 7 7 7 11 7 11 7 7 5 7 7 11 7 7 7 11 7 7 5 7 5 7 7 11 7 7 7 11 7 7 5 7 7 5 7 7 7 5 7 11 11 7 7 11 11 7 7 5 7 5 7 7 7 7 3 5 5 5
7 7 7 11 7 7 7 5 11 7 7 7 11 7 7 7 7 11 7 7 7 11 7 5 7 5 5 7 11 7 7 7 7 7 11 7 11 5 7 11 11 3 7 7 11 7 7 11 7 11 11 7 7 5 4 5 3 7 11 5 7 11 7 7 11 7 11 7 7 7 7 5 7 7 11 5 5 7 7 5 7 7 7 7 7 7 7 7 11 7 5 7 7 5 7 7
7 7 5 7 7 7 7 11 11 7 7 7 5 7 11 7 5 7 5 7 7 7 5 11 7 11 7 5 7 7 7 7 11 5 11 7 5 7 11 7 7 7 7 7 7 11 11 7 5 5 7 7 5 7 7 7 5 7 7 G 7 4 5 5 7 5 7 11 7 7 7 11 7 G 7 7 7 7 11 7 7 7 7 7 11 5 5 7 5 7 7 5 11 7 7 7
7 7 11 5 7 7 7 5 7 F 7 5 7 11 11 5 7 7 7 F 11 7 5 7 7 7 7 7 11 7 11 7 7 7 7 7 7 7 11 11 11 7 7 7 7 7 5 7 5 G 7 7 11 11 7 7 7 7 7 7 11 5 7 7 11 7 7 5 7 7 7 11 7 11 7 F 5 5 11 11 7 7 5 5 11 7 7 5 7 11 7 5 7 3 7 7
7 5 7 7 7 7 7 4 11 7 7 4 5 5 7 11 7 7 7 3 7 7 7 7 7 5 7 5 11 7 11 7 11 3 5 5 5 7 7 11 7 7 7 7 7 11 7 7 7 11 11 7 7 7 11 7 5 11 7 7 11 5 11 7 7 11 5 11 7 7 7 7 7 5 7 7 11 11 7 11 7 7 5 7 7 11 7 7 7 7 5 7 7 7 7 7
7 7 11 7 7 7 5 7 7 11 5 7 7 5 5 7 3 11 7 5 11 11 7 7 7 11 11 7 11 7 5 7 5 7 7 7 7 7 F 11 11 7 7 7 7 7 11 7 5 11 7 7 7 7 7 7 11 7 7 11 11 3 11 7 5 5 7 7 7 7 11 7 7 7 7 5 7 11 7 7 11 7 7 7 7 7 7 7 11 5 7 5 7 7 5 7
11 11 7 11 11 11 7 5 7 7 7 7 5 11 7 11 7 7 5 7 11 5 7 11 5 7 7 7 7 7 7 7 7 7 7 7 7 7 7 5 5 7 5 7 7 7 5 G 5 11 7 7 7 7 7 7 7 11 7 5 7 7 5 11 11 5 7 7 7 7 7 7 11 7 7 7 7 7 7 5 11 7 5 11 7 7 7 7 7 7 11 7 11 G 7 5
7 7 7 7 5 5 11 3 7 5 7 5 7 7 7 7 5 5 7 5 7 7 11 11 7 7 7 7 3 7 7 5 11 5 5 7 7 7 11 5 7 7 5 11 11 7 7 5 7 11 7 11 5 7 5 7 5 7 7 7 5 5 11 11 11 7 7 11 7 7 7 7 11 7 4 7 7 7 7 7 11 7 5 7 5 11 7 11 7 7 7 7 5 5 11 7
7 7 7 5 11 7 7 7 11 7 7 5 11 7 7 7 11 7 7 5 11 7 7 7 11 7 5 5 11 7 11 7 11 7 7 5 5 3 G 4 7 F 5 7 7 5 7 3 7 7 7 11 7 7 7 7 7 5 5 11 7 7 7 5 5 5 5 7 7 7 7 7 7 7 7 5 7 7 7 7 7 7 7 7 7 7 7 7 5 7 7 5 5 7 5 7